    1 -12140.00   .22
    2 -12130.00   .24
    3 -12120.00   .31
    4 -12110.00   .21
    5 -12100.00   .16
    6 -12090.00   .18
    7 -12080.00   .25
    8 -12070.00   .28
    9 -12060.00   .25
   10 -12050.00   .19
   11 -12040.00   .14
   12 -12030.00   .12
   13 -12020.00   .10
   14 -12010.00   .09
   15 -12000.00   .08
   16 -11990.00   .08
   17 -11980.00   .07
   18 -11970.00   .07
   19 -11960.00   .09
   20 -11950.00   .14
   21 -11940.00   .17
   22 -11930.00   .36
   23 -11920.00   .67
   24 -11910.00   .57
   25 -11900.00   .34
   26 -11890.00   .16
   27 -11880.00   .07
   28 -11870.00   .13
   29 -11860.00   .15
   30 -11850.00   .19
   31 -11840.00   .25
   32 -11830.00   .30
   33 -11820.00   .37
   34 -11810.00   .37
   35 -11800.00   .31
   36 -11790.00   .20
   37 -11780.00   .21
   38 -11770.00   .25
   39 -11760.00   .24
   40 -11750.00   .12
   41 -11740.00   .11
   42 -11730.00   .18
   43 -11720.00   .21
   44 -11710.00   .16
   45 -11700.00   .02
   46 -11690.00   .12
   47 -11680.00   .11
   48 -11670.00   .02
   49 -11660.00   .03
   50 -11650.00   .01
   51 -11640.00   .06
   52 -11630.00   .11
   53 -11620.00   .02
   54 -11610.00   .01
   55 -11600.00   .01
   56 -11590.00   .04
   57 -11580.00   .09
   58 -11570.00   .11
   59 -11560.00   .50
   60 -11550.00   .56
   61 -11540.00   .08
   62 -11530.00   .07
   63 -11520.00   .07
   64 -11510.00   .06
   65 -11500.00   .06
   66 -11490.00   .05
   67 -11480.00   .06
   68 -11470.00   .08
   69 -11460.00   .10
   70 -11450.00   .03
   71 -11440.00   .09
   72 -11430.00   .15
   73 -11420.00   .77
   74 -11410.00  2.63
   75 -11400.00  1.29
   76 -11390.00   .84
   77 -11380.00   .72
   78 -11370.00   .43
   79 -11360.00  1.00
   80 -11350.00  1.12
   81 -11340.00   .90
   82 -11330.00   .47
   83 -11320.00   .44
   84 -11310.00   .48
   85 -11300.00   .36
   86 -11290.00   .12
   87 -11280.00   .11
   88 -11270.00   .21
   89 -11260.00   .19
   90 -11250.00   .12
   91 -11240.00   .23
   92 -11230.00   .24
   93 -11220.00   .19
   94 -11210.00   .14
   95 -11200.00   .12
   96 -11190.00   .14
   97 -11180.00   .13
   98 -11170.00   .13
   99 -11160.00   .14
  100 -11150.00   .17
  101 -11140.00   .19
  102 -11130.00   .54
  103 -11120.00  1.15
  104 -11110.00   .60
  105 -11100.00   .28
  106 -11090.00   .17
  107 -11080.00   .22
  108 -11070.00   .15
  109 -11060.00   .29
  110 -11050.00   .29
  111 -11040.00   .32
  112 -11030.00   .84
  113 -11020.00   .51
  114 -11010.00   .29
  115 -11000.00   .22
  116 -10990.00   .24
  117 -10980.00   .25
  118 -10970.00   .27
  119 -10960.00   .29
  120 -10950.00   .31
  121 -10940.00   .33
  122 -10930.00   .35
  123 -10920.00   .37
  124 -10910.00   .39
  125 -10900.00   .41
  126 -10890.00   .46
  127 -10880.00   .51
  128 -10870.00   .63
  129 -10860.00  1.00
  130 -10850.00   .77
  131 -10840.00   .86
  132 -10830.00  1.15
  133 -10820.00  1.22
  134 -10810.00   .90
  135 -10800.00   .57
  136 -10790.00   .29
  137 -10780.00   .12
  138 -10770.00   .30
  139 -10760.00   .32
  140 -10750.00   .51
  141 -10740.00  1.01
  142 -10730.00   .87
  143 -10720.00   .64
  144 -10710.00   .55
  145 -10700.00   .64
  146 -10690.00   .61
  147 -10680.00   .76
  148 -10670.00   .63
  149 -10660.00   .36
  150 -10650.00   .54
  151 -10640.00   .69
  152 -10630.00   .71
  153 -10620.00   .60
  154 -10610.00   .39
  155 -10600.00   .28
  156 -10590.00   .30
  157 -10580.00   .36
  158 -10570.00   .32
  159 -10560.00   .37
  160 -10550.00   .41
  161 -10540.00   .44
  162 -10530.00   .51
  163 -10520.00  1.07
  164 -10510.00  1.30
  165 -10500.00  1.06
  166 -10490.00   .48
  167 -10480.00   .44
  168 -10470.00   .79
  169 -10460.00   .80
  170 -10450.00   .54
  171 -10440.00   .58
  172 -10430.00  1.44
  173 -10420.00  1.50
  174 -10410.00  1.09
  175 -10400.00  1.04
  176 -10390.00  1.06
  177 -10380.00   .97
  178 -10370.00  1.08
  179 -10360.00  1.65
  180 -10350.00  1.79
  181 -10340.00  2.13
  182 -10330.00  2.23
  183 -10320.00  1.86
  184 -10310.00  1.58
  185 -10300.00  1.38
  186 -10290.00  1.29
  187 -10280.00  1.28
  188 -10270.00  1.07
  189 -10260.00   .86
  190 -10250.00   .69
  191 -10240.00   .57
  192 -10230.00   .51
  193 -10220.00   .46
  194 -10210.00   .41
  195 -10200.00   .35
  196 -10190.00   .30
  197 -10180.00   .34
  198 -10170.00   .85
  199 -10160.00  1.07
  200 -10150.00   .37
  201 -10140.00   .35
  202 -10130.00   .33
  203 -10120.00   .30
  204 -10110.00   .32
  205 -10100.00   .76
  206 -10090.00   .80
  207 -10080.00   .71
  208 -10070.00   .61
  209 -10060.00   .46
  210 -10050.00   .56
  211 -10040.00   .56
  212 -10030.00   .46
  213 -10020.00   .44
  214 -10010.00   .28
  215 -10000.00   .25
  216  -9990.00   .35
  217  -9980.00   .56
  218  -9970.00   .77
  219  -9960.00   .74
  220  -9950.00   .67
  221  -9940.00   .75
  222  -9930.00   .53
  223  -9920.00   .37
  224  -9910.00   .29
  225  -9900.00   .29
  226  -9890.00   .26
  227  -9880.00   .31
  228  -9870.00   .30
  229  -9860.00   .25
  230  -9850.00   .29
  231  -9840.00   .29
  232  -9830.00   .37
  233  -9820.00   .44
  234  -9810.00   .30
  235  -9800.00   .60
  236  -9790.00   .88
  237  -9780.00   .99
  238  -9770.00   .78
  239  -9760.00   .67
  240  -9750.00   .65
  241  -9740.00   .65
  242  -9730.00   .65
  243  -9720.00  1.35
  244  -9710.00  1.15
  245  -9700.00   .77
  246  -9690.00   .58
  247  -9680.00   .56
  248  -9670.00   .70
  249  -9660.00  1.02
  250  -9650.00  1.49
  251  -9640.00  1.84
  252  -9630.00  1.97
  253  -9620.00  1.82
  254  -9610.00  1.44
  255  -9600.00   .93
  256  -9590.00   .71
  257  -9580.00   .67
  258  -9570.00   .73
  259  -9560.00   .80
  260  -9550.00   .86
  261  -9540.00   .93
  262  -9530.00   .99
  263  -9520.00  1.04
  264  -9510.00   .93
  265  -9500.00   .90
  266  -9490.00   .96
  267  -9480.00  1.02
  268  -9470.00   .65
  269  -9460.00   .75
  270  -9450.00   .93
  271  -9440.00  1.00
  272  -9430.00   .73
  273  -9420.00  1.41
  274  -9410.00  1.58
  275  -9400.00  1.41
  276  -9390.00  1.56
  277  -9380.00  1.09
  278  -9370.00   .78
  279  -9360.00   .68
  280  -9350.00   .81
  281  -9340.00   .99
  282  -9330.00   .98
  283  -9320.00   .91
  284  -9310.00   .88
  285  -9300.00   .96
  286  -9290.00  1.47
  287  -9280.00  1.84
  288  -9270.00  1.77
  289  -9260.00   .90
  290  -9250.00  1.01
  291  -9240.00  1.27
  292  -9230.00  1.44
  293  -9220.00  1.51
  294  -9210.00  1.02
  295  -9200.00  1.41
  296  -9190.00  2.44
  297  -9180.00  3.30
  298  -9170.00  1.99
  299  -9160.00  1.75
  300  -9150.00  1.82
  301  -9140.00  1.27
  302  -9130.00   .92
  303  -9120.00  2.13
  304  -9110.00  3.49
  305  -9100.00  3.92
  306  -9090.00  1.81
  307  -9080.00  1.70
  308  -9070.00  1.72
  309  -9060.00  1.32
  310  -9050.00  1.44
  311  -9040.00  2.67
  312  -9030.00  2.64
  313  -9020.00  1.46
  314  -9010.00   .87
  315  -9000.00  1.72
  316  -8990.00  2.07
  317  -8980.00  1.75
  318  -8970.00   .85
  319  -8960.00  1.62
  320  -8950.00  2.73
  321  -8940.00  3.39
  322  -8930.00  2.92
  323  -8920.00  2.47
  324  -8910.00  2.03
  325  -8900.00  1.59
  326  -8890.00  1.48
  327  -8880.00  4.45
  328  -8870.00  2.91
  329  -8860.00  1.12
  330  -8850.00   .92
  331  -8840.00  3.43
  332  -8830.00  2.28
  333  -8820.00  2.00
  334  -8810.00  2.46
  335  -8800.00  1.01
  336  -8790.00  3.20
  337  -8780.00  3.07
  338  -8770.00  1.52
  339  -8760.00   .84
  340  -8750.00   .75
  341  -8740.00   .95
  342  -8730.00  1.42
  343  -8720.00  2.14
  344  -8710.00  3.09
  345  -8700.00  1.74
  346  -8690.00   .54
  347  -8680.00   .71
  348  -8670.00   .60
  349  -8660.00  2.08
  350  -8650.00  3.36
  351  -8640.00  3.46
  352  -8630.00   .95
  353  -8620.00   .51
  354  -8610.00   .54
  355  -8600.00   .68
  356  -8590.00   .75
  357  -8580.00  1.09
  358  -8570.00   .90
  359  -8560.00   .66
  360  -8550.00  1.12
  361  -8540.00  1.87
  362  -8530.00  2.10
  363  -8520.00  1.82
  364  -8510.00  1.09
  365  -8500.00   .78
  366  -8490.00   .73
  367  -8480.00   .70
  368  -8470.00   .86
  369  -8460.00  3.20
  370  -8450.00  2.04
  371  -8440.00   .95
  372  -8430.00   .86
  373  -8420.00   .90
  374  -8410.00  2.69
  375  -8400.00  2.43
  376  -8390.00   .81
  377  -8380.00   .79
  378  -8370.00   .75
  379  -8360.00  1.27
  380  -8350.00  1.76
  381  -8340.00  1.37
  382  -8330.00  1.22
  383  -8320.00  1.80
  384  -8310.00  2.08
  385  -8300.00  1.29
  386  -8290.00  1.02
  387  -8280.00   .94
  388  -8270.00  1.16
  389  -8260.00  1.59
  390  -8250.00  1.33
  391  -8240.00  1.62
  392  -8230.00  1.66
  393  -8220.00  1.35
  394  -8210.00  1.16
  395  -8200.00  2.75
  396  -8190.00  2.55
  397  -8180.00  1.19
  398  -8170.00  1.06
  399  -8160.00  1.67
  400  -8150.00  1.68
  401  -8140.00  1.34
  402  -8130.00  1.07
  403  -8120.00   .99
  404  -8110.00   .82
  405  -8100.00   .74
  406  -8090.00   .89
  407  -8080.00  1.20
  408  -8070.00  1.10
  409  -8060.00   .84
  410  -8050.00   .65
  411  -8040.00  1.16
  412  -8030.00  1.42
  413  -8020.00  1.37
  414  -8010.00  1.41
  415  -8000.00  2.82
  416  -7990.00  4.16
  417  -7980.00  3.34
  418  -7970.00  1.43
  419  -7960.00  1.01
  420  -7950.00  1.11
  421  -7940.00   .99
  422  -7930.00   .83
  423  -7920.00   .88
  424  -7910.00  1.30
  425  -7900.00  1.22
  426  -7890.00   .98
  427  -7880.00   .81
  428  -7870.00   .83
  429  -7860.00   .74
  430  -7850.00   .75
  431  -7840.00   .92
  432  -7830.00   .98
  433  -7820.00  1.67
  434  -7810.00  1.65
  435  -7800.00   .95
  436  -7790.00   .59
  437  -7780.00   .60
  438  -7770.00   .71
  439  -7760.00   .79
  440  -7750.00   .69
  441  -7740.00  1.21
  442  -7730.00  1.09
  443  -7720.00   .67
  444  -7710.00   .41
  445  -7700.00   .58
  446  -7690.00   .87
  447  -7680.00   .89
  448  -7670.00   .46
  449  -7660.00   .49
  450  -7650.00   .65
  451  -7640.00   .66
  452  -7630.00   .47
  453  -7620.00   .37
  454  -7610.00   .42
  455  -7600.00   .50
  456  -7590.00   .59
  457  -7580.00   .67
  458  -7570.00   .76
  459  -7560.00   .71
  460  -7550.00   .57
  461  -7540.00   .42
  462  -7530.00   .70
  463  -7520.00   .81
  464  -7510.00   .74
  465  -7500.00   .54
  466  -7490.00   .86
  467  -7480.00   .72
  468  -7470.00   .63
  469  -7460.00   .93
  470  -7450.00  1.58
  471  -7440.00  1.49
  472  -7430.00  1.27
  473  -7420.00  1.19
  474  -7410.00  1.54
  475  -7400.00  1.69
  476  -7390.00  1.44
  477  -7380.00   .90
  478  -7370.00   .39
  479  -7360.00   .51
  480  -7350.00   .59
  481  -7340.00   .61
  482  -7330.00   .70
  483  -7320.00   .79
  484  -7310.00   .82
  485  -7300.00   .74
  486  -7290.00   .53
  487  -7280.00   .40
  488  -7270.00   .53
  489  -7260.00   .84
  490  -7250.00  1.29
  491  -7240.00  1.93
  492  -7230.00  1.47
  493  -7220.00  1.28
  494  -7210.00  1.64
  495  -7200.00  1.78
  496  -7190.00  1.19
  497  -7180.00   .80
  498  -7170.00   .67
  499  -7160.00   .57
  500  -7150.00   .71
  501  -7140.00   .92
  502  -7130.00  1.10
  503  -7120.00  1.16
  504  -7110.00   .71
  505  -7100.00   .46
  506  -7090.00   .69
  507  -7080.00  1.51
  508  -7070.00   .93
  509  -7060.00  1.03
  510  -7050.00  1.11
  511  -7040.00   .94
  512  -7030.00  1.59
  513  -7020.00  1.54
  514  -7010.00  1.47
  515  -7000.00  1.51
  516  -6990.00  1.25
  517  -6980.00  1.62
  518  -6970.00  1.72
  519  -6960.00  1.48
  520  -6950.00  1.08
  521  -6940.00   .76
  522  -6930.00   .60
  523  -6920.00   .50
  524  -6910.00   .30
  525  -6900.00   .51
  526  -6890.00   .69
  527  -6880.00  1.22
  528  -6870.00  2.36
  529  -6860.00  3.08
  530  -6850.00  1.88
  531  -6840.00   .92
  532  -6830.00  1.14
  533  -6820.00  1.38
  534  -6810.00  2.29
  535  -6800.00  3.19
  536  -6790.00  3.91
  537  -6780.00  4.52
  538  -6770.00  3.67
  539  -6760.00  2.84
  540  -6750.00  2.47
  541  -6740.00  2.91
  542  -6730.00  1.49
  543  -6720.00   .81
  544  -6710.00   .75
  545  -6700.00   .89
  546  -6690.00  1.20
  547  -6680.00  1.50
  548  -6670.00  1.55
  549  -6660.00  1.45
  550  -6650.00  1.33
  551  -6640.00  1.18
  552  -6630.00  1.02
  553  -6620.00   .96
  554  -6610.00   .90
  555  -6600.00   .81
  556  -6590.00   .68
  557  -6580.00   .65
  558  -6570.00   .95
  559  -6560.00  1.24
  560  -6550.00  2.03
  561  -6540.00  2.89
  562  -6530.00  2.90
  563  -6520.00  2.14
  564  -6510.00  1.48
  565  -6500.00  1.32
  566  -6490.00  1.15
  567  -6480.00  1.06
  568  -6470.00   .99
  569  -6460.00   .99
  570  -6450.00  1.06
  571  -6440.00  1.15
  572  -6430.00  1.32
  573  -6420.00  1.49
  574  -6410.00  1.43
  575  -6400.00  1.29
  576  -6390.00  1.19
  577  -6380.00  1.14
  578  -6370.00  1.09
  579  -6360.00   .84
  580  -6350.00   .60
  581  -6340.00   .54
  582  -6330.00   .58
  583  -6320.00   .59
  584  -6310.00   .55
  585  -6300.00   .52
  586  -6290.00   .57
  587  -6280.00   .61
  588  -6270.00   .66
  589  -6260.00   .72
  590  -6250.00   .84
  591  -6240.00  1.16
  592  -6230.00  1.47
  593  -6220.00  1.05
  594  -6210.00   .58
  595  -6200.00   .44
  596  -6190.00   .56
  597  -6180.00   .65
  598  -6170.00   .63
  599  -6160.00   .62
  600  -6150.00   .57
  601  -6140.00   .50
  602  -6130.00   .43
  603  -6120.00   .36
  604  -6110.00   .30
  605  -6100.00   .27
  606  -6090.00   .24
  607  -6080.00   .31
  608  -6070.00   .42
  609  -6060.00   .51
  610  -6050.00   .58
  611  -6040.00   .64
  612  -6030.00   .51
  613  -6020.00   .38
  614  -6010.00   .33
  615  -6000.00   .31
  616  -5990.00   .31
  617  -5980.00   .34
  618  -5970.00   .38
  619  -5960.00   .41
  620  -5950.00   .44
  621  -5940.00   .73
  622  -5930.00  1.14
  623  -5920.00  1.33
  624  -5910.00  1.04
  625  -5900.00   .75
  626  -5890.00   .58
  627  -5880.00   .41
  628  -5870.00   .36
  629  -5860.00   .39
  630  -5850.00   .44
  631  -5840.00   .54
  632  -5830.00   .64
  633  -5820.00   .67
  634  -5810.00   .69
  635  -5800.00   .63
  636  -5790.00   .49
  637  -5780.00   .40
  638  -5770.00   .49
  639  -5760.00   .58
  640  -5750.00   .53
  641  -5740.00   .46
  642  -5730.00   .52
  643  -5720.00   .74
  644  -5710.00   .92
  645  -5700.00   .92
  646  -5690.00   .92
  647  -5680.00   .72
  648  -5670.00   .46
  649  -5660.00   .36
  650  -5650.00   .48
  651  -5640.00   .61
  652  -5630.00   .91
  653  -5620.00  1.21
  654  -5610.00  1.05
  655  -5600.00   .71
  656  -5590.00   .47
  657  -5580.00   .39
  658  -5570.00   .31
  659  -5560.00  1.02
  660  -5550.00  1.73
  661  -5540.00  1.64
  662  -5530.00  1.13
  663  -5520.00   .75
  664  -5510.00   .65
  665  -5500.00   .56
  666  -5490.00   .73
  667  -5480.00   .93
  668  -5470.00  1.02
  669  -5460.00  1.04
  670  -5450.00  1.01
  671  -5440.00   .79
  672  -5430.00   .57
  673  -5420.00   .48
  674  -5410.00   .41
  675  -5400.00   .37
  676  -5390.00   .36
  677  -5380.00   .35
  678  -5370.00   .34
  679  -5360.00   .33
  680  -5350.00   .36
  681  -5340.00   .40
  682  -5330.00   .47
  683  -5320.00   .57
  684  -5310.00   .69
  685  -5300.00   .94
  686  -5290.00  1.20
  687  -5280.00  1.01
  688  -5270.00   .68
  689  -5260.00   .67
  690  -5250.00  1.14
  691  -5240.00  1.57
  692  -5230.00  1.27
  693  -5220.00   .98
  694  -5210.00  1.39
  695  -5200.00  2.11
  696  -5190.00  2.28
  697  -5180.00  1.42
  698  -5170.00   .55
  699  -5160.00   .51
  700  -5150.00   .48
  701  -5140.00   .52
  702  -5130.00   .59
  703  -5120.00   .62
  704  -5110.00   .54
  705  -5100.00   .47
  706  -5090.00   .73
  707  -5080.00  1.02
  708  -5070.00  1.12
  709  -5060.00  1.08
  710  -5050.00  1.03
  711  -5040.00   .97
  712  -5030.00   .91
  713  -5020.00   .82
  714  -5010.00   .72
  715  -5000.00   .58
  716  -4990.00   .41
  717  -4980.00   .28
  718  -4970.00   .33
  719  -4960.00   .38
  720  -4950.00   .57
  721  -4940.00   .80
  722  -4930.00   .90
  723  -4920.00   .83
  724  -4910.00   .88
  725  -4900.00  2.09
  726  -4890.00  3.29
  727  -4880.00  2.84
  728  -4870.00  1.82
  729  -4860.00  1.11
  730  -4850.00   .91
  731  -4840.00   .71
  732  -4830.00   .71
  733  -4820.00   .72
  734  -4810.00   .71
  735  -4800.00   .71
  736  -4790.00   .70
  737  -4780.00   .69
  738  -4770.00   .68
  739  -4760.00   .67
  740  -4750.00   .66
  741  -4740.00   .65
  742  -4730.00   .65
  743  -4720.00   .64
  744  -4710.00   .63
  745  -4700.00   .62
  746  -4690.00   .94
  747  -4680.00  1.28
  748  -4670.00  1.43
  749  -4660.00  1.41
  750  -4650.00  1.34
  751  -4640.00  1.07
  752  -4630.00   .81
  753  -4620.00  1.23
  754  -4610.00  1.78
  755  -4600.00  1.76
  756  -4590.00  1.16
  757  -4580.00   .68
  758  -4570.00   .97
  759  -4560.00  1.27
  760  -4550.00  1.55
  761  -4540.00  1.82
  762  -4530.00  1.74
  763  -4520.00  1.19
  764  -4510.00   .75
  765  -4500.00  1.64
  766  -4490.00  2.53
  767  -4480.00  2.87
  768  -4470.00  3.00
  769  -4460.00  2.74
  770  -4450.00  1.81
  771  -4440.00   .90
  772  -4430.00   .72
  773  -4420.00   .54
  774  -4410.00   .62
  775  -4400.00   .83
  776  -4390.00   .93
  777  -4380.00   .76
  778  -4370.00   .60
  779  -4360.00   .75
  780  -4350.00   .92
  781  -4340.00   .93
  782  -4330.00   .82
  783  -4320.00   .75
  784  -4310.00   .81
  785  -4300.00   .86
  786  -4290.00  1.28
  787  -4280.00  1.74
  788  -4270.00  2.37
  789  -4260.00  3.15
  790  -4250.00  3.76
  791  -4240.00  3.62
  792  -4230.00  3.47
  793  -4220.00  2.86
  794  -4210.00  2.15
  795  -4200.00  1.56
  796  -4190.00  1.11
  797  -4180.00   .70
  798  -4170.00   .62
  799  -4160.00   .55
  800  -4150.00   .58
  801  -4140.00   .64
  802  -4130.00   .73
  803  -4120.00   .87
  804  -4110.00  1.02
  805  -4100.00  1.42
  806  -4090.00  1.82
  807  -4080.00  1.88
  808  -4070.00  1.79
  809  -4060.00  2.40
  810  -4050.00  4.33
  811  -4040.00  6.25
  812  -4030.00  4.15
  813  -4020.00  2.03
  814  -4010.00  1.17
  815  -4000.00  1.01
  816  -3990.00   .84
  817  -3980.00   .65
  818  -3970.00   .45
  819  -3960.00   .66
  820  -3950.00   .89
  821  -3940.00   .96
  822  -3930.00   .90
  823  -3920.00   .81
  824  -3910.00   .59
  825  -3900.00   .37
  826  -3890.00   .45
  827  -3880.00   .57
  828  -3870.00   .79
  829  -3860.00  1.09
  830  -3850.00  1.35
  831  -3840.00  1.37
  832  -3830.00  1.39
  833  -3820.00  1.26
  834  -3810.00  1.11
  835  -3800.00  1.13
  836  -3790.00  1.38
  837  -3780.00  1.58
  838  -3770.00  1.27
  839  -3760.00   .97
  840  -3750.00   .96
  841  -3740.00  1.05
  842  -3730.00  1.13
  843  -3720.00  1.20
  844  -3710.00  1.27
  845  -3700.00  1.31
  846  -3690.00  1.34
  847  -3680.00  1.28
  848  -3670.00  1.17
  849  -3660.00  1.04
  850  -3650.00   .87
  851  -3640.00   .69
  852  -3630.00   .69
  853  -3620.00   .68
  854  -3610.00   .68
  855  -3600.00   .69
  856  -3590.00   .76
  857  -3580.00  1.04
  858  -3570.00  1.31
  859  -3560.00  1.73
  860  -3550.00  2.16
  861  -3540.00  1.95
  862  -3530.00  1.24
  863  -3520.00   .70
  864  -3510.00   .82
  865  -3500.00   .95
  866  -3490.00   .80
  867  -3480.00   .61
  868  -3470.00   .54
  869  -3460.00   .60
  870  -3450.00   .67
  871  -3440.00   .83
  872  -3430.00  1.00
  873  -3420.00   .88
  874  -3410.00   .70
  875  -3400.00   .75
  876  -3390.00  1.11
  877  -3380.00  1.41
  878  -3370.00  1.09
  879  -3360.00   .78
  880  -3350.00   .67
  881  -3340.00   .65
  882  -3330.00   .73
  883  -3320.00  1.00
  884  -3310.00  1.27
  885  -3300.00  1.82
  886  -3290.00  2.38
  887  -3280.00  2.23
  888  -3270.00  1.72
  889  -3260.00  1.31
  890  -3250.00  1.07
  891  -3240.00   .83
  892  -3230.00   .89
  893  -3220.00   .96
  894  -3210.00  1.01
  895  -3200.00  1.04
  896  -3190.00  1.03
  897  -3180.00   .90
  898  -3170.00   .77
  899  -3160.00  1.32
  900  -3150.00  1.95
  901  -3140.00  1.83
  902  -3130.00  1.10
  903  -3120.00   .50
  904  -3110.00   .44
  905  -3100.00   .38
  906  -3090.00   .43
  907  -3080.00   .50
  908  -3070.00   .52
  909  -3060.00   .47
  910  -3050.00   .42
  911  -3040.00   .36
  912  -3030.00   .30
  913  -3020.00   .48
  914  -3010.00   .73
  915  -3000.00   .83
  916  -2990.00   .71
  917  -2980.00   .61
  918  -2970.00   .81
  919  -2960.00  1.01
  920  -2950.00  1.07
  921  -2940.00  1.07
  922  -2930.00  1.23
  923  -2920.00  1.68
  924  -2910.00  2.13
  925  -2900.00  1.36
  926  -2890.00   .60
  927  -2880.00   .43
  928  -2870.00   .58
  929  -2860.00   .64
  930  -2850.00   .49
  931  -2840.00   .33
  932  -2830.00   .37
  933  -2820.00   .42
  934  -2810.00   .52
  935  -2800.00   .66
  936  -2790.00   .92
  937  -2780.00  1.57
  938  -2770.00  2.21
  939  -2760.00  2.05
  940  -2750.00  1.77
  941  -2740.00  1.41
  942  -2730.00   .97
  943  -2720.00   .62
  944  -2710.00   .65
  945  -2700.00   .68
  946  -2690.00   .74
  947  -2680.00   .79
  948  -2670.00  1.19
  949  -2660.00  1.98
  950  -2650.00  2.59
  951  -2640.00  1.66
  952  -2630.00   .73
  953  -2620.00   .52
  954  -2610.00   .55
  955  -2600.00   .54
  956  -2590.00   .47
  957  -2580.00   .42
  958  -2570.00   .57
  959  -2560.00   .71
  960  -2550.00  1.11
  961  -2540.00  1.62
  962  -2530.00  1.81
  963  -2520.00  1.37
  964  -2510.00   .94
  965  -2500.00  1.92
  966  -2490.00  2.93
  967  -2480.00  2.59
  968  -2470.00  1.46
  969  -2460.00   .69
  970  -2450.00   .88
  971  -2440.00  1.07
  972  -2430.00  1.11
  973  -2420.00  1.15
  974  -2410.00  1.27
  975  -2400.00  1.47
  976  -2390.00  1.55
  977  -2380.00  1.24
  978  -2370.00   .92
  979  -2360.00   .74
  980  -2350.00   .57
  981  -2340.00   .55
  982  -2330.00   .68
  983  -2320.00   .82
  984  -2310.00  1.02
  985  -2300.00  1.22
  986  -2290.00  1.36
  987  -2280.00  1.48
  988  -2270.00  1.53
  989  -2260.00  1.48
  990  -2250.00  1.42
  991  -2240.00  1.23
  992  -2230.00  1.04
  993  -2220.00  1.53
  994  -2210.00  2.27
  995  -2200.00  2.64
  996  -2190.00  2.42
  997  -2180.00  2.20
  998  -2170.00  1.74
  999  -2160.00  1.28
 1000  -2150.00  1.07
 1001  -2140.00   .97
 1002  -2130.00  1.04
 1003  -2120.00  1.44
 1004  -2110.00  1.84
 1005  -2100.00  2.04
 1006  -2090.00  2.23
 1007  -2080.00  1.86
 1008  -2070.00  1.12
 1009  -2060.00   .61
 1010  -2050.00   .78
 1011  -2040.00   .95
 1012  -2030.00   .90
 1013  -2020.00   .83
 1014  -2010.00   .89
 1015  -2000.00  1.06
 1016  -1990.00  1.15
 1017  -1980.00   .97
 1018  -1970.00   .79
 1019  -1960.00   .97
 1020  -1950.00  1.23
 1021  -1940.00  1.24
 1022  -1930.00   .99
 1023  -1920.00   .79
 1024  -1910.00   .86
 1025  -1900.00   .93
 1026  -1890.00  1.45
 1027  -1880.00  2.08
 1028  -1870.00  2.31
 1029  -1860.00  1.97
 1030  -1850.00  1.64
 1031  -1840.00  1.32
 1032  -1830.00  1.00
 1033  -1820.00   .89
 1034  -1810.00   .87
 1035  -1800.00   .85
 1036  -1790.00   .87
 1037  -1780.00   .88
 1038  -1770.00  1.07
 1039  -1760.00  1.26
 1040  -1750.00  1.33
 1041  -1740.00  1.33
 1042  -1730.00  1.26
 1043  -1720.00  1.00
 1044  -1710.00   .74
 1045  -1700.00   .80
 1046  -1690.00   .88
 1047  -1680.00  1.02
 1048  -1670.00  1.19
 1049  -1660.00  1.42
 1050  -1650.00  1.82
 1051  -1640.00  2.21
 1052  -1630.00  1.61
 1053  -1620.00   .88
 1054  -1610.00   .50
 1055  -1600.00   .42
 1056  -1590.00   .35
 1057  -1580.00   .38
 1058  -1570.00   .40
 1059  -1560.00   .39
 1060  -1550.00   .38
 1061  -1540.00   .50
 1062  -1530.00   .77
 1063  -1520.00  1.00
 1064  -1510.00   .92
 1065  -1500.00   .85
 1066  -1490.00   .86
 1067  -1480.00   .90
 1068  -1470.00   .99
 1069  -1460.00  1.13
 1070  -1450.00  1.26
 1071  -1440.00  1.15
 1072  -1430.00  1.03
 1073  -1420.00  1.06
 1074  -1410.00  1.15
 1075  -1400.00  1.26
 1076  -1390.00  1.42
 1077  -1380.00  1.57
 1078  -1370.00  1.42
 1079  -1360.00  1.27
 1080  -1350.00  1.53
 1081  -1340.00  2.04
 1082  -1330.00  2.21
 1083  -1320.00  1.53
 1084  -1310.00   .86
 1085  -1300.00   .68
 1086  -1290.00   .55
 1087  -1280.00   .64
 1088  -1270.00   .89
 1089  -1260.00  1.13
 1090  -1250.00  1.29
 1091  -1240.00  1.46
 1092  -1230.00  1.75
 1093  -1220.00  2.06
 1094  -1210.00  2.20
 1095  -1200.00  2.18
 1096  -1190.00  2.16
 1097  -1180.00  2.15
 1098  -1170.00  2.14
 1099  -1160.00  1.81
 1100  -1150.00  1.40
 1101  -1140.00  1.10
 1102  -1130.00   .93
 1103  -1120.00   .76
 1104  -1110.00   .59
 1105  -1100.00   .42
 1106  -1090.00   .42
 1107  -1080.00   .48
 1108  -1070.00   .52
 1109  -1060.00   .54
 1110  -1050.00   .55
 1111  -1040.00   .68
 1112  -1030.00   .81
 1113  -1020.00   .90
 1114  -1010.00   .98
 1115  -1000.00   .96
 1116   -990.00   .76
 1117   -980.00   .57
 1118   -970.00   .60
 1119   -960.00   .64
 1120   -950.00   .67
 1121   -940.00   .69
 1122   -930.00   .70
 1123   -920.00   .68
 1124   -910.00   .66
 1125   -900.00   .66
 1126   -890.00   .67
 1127   -880.00   .69
 1128   -870.00   .72
 1129   -860.00   .73
 1130   -850.00   .66
 1131   -840.00   .60
 1132   -830.00   .63
 1133   -820.00   .67
 1134   -810.00   .67
 1135   -800.00   .64
 1136   -790.00   .63
 1137   -780.00   .78
 1138   -770.00   .94
 1139   -760.00   .96
 1140   -750.00   .95
 1141   -740.00   .88
 1142   -730.00   .73
 1143   -720.00   .60
 1144   -710.00   .58
 1145   -700.00   .56
 1146   -690.00   .55
 1147   -680.00   .55
 1148   -670.00   .60
 1149   -660.00   .77
 1150   -650.00   .93
 1151   -640.00  1.11
 1152   -630.00  1.28
 1153   -620.00  1.65
 1154   -610.00  2.11
 1155   -600.00  2.41
 1156   -590.00  2.36
 1157   -580.00  2.31
 1158   -570.00  2.12
 1159   -560.00  1.93
 1160   -550.00  2.11
 1161   -540.00  2.53
 1162   -530.00  2.67
 1163   -520.00  1.95
 1164   -510.00  1.24
 1165   -500.00  1.10
 1166   -490.00  1.02
 1167   -480.00   .92
 1168   -470.00   .79
 1169   -460.00   .70
 1170   -450.00   .75
 1171   -440.00   .80
 1172   -430.00   .71
 1173   -420.00   .59
 1174   -410.00   .48
 1175   -400.00   .39
 1176   -390.00   .31
 1177   -380.00   .36
 1178   -370.00   .41
 1179   -360.00   .45
 1180   -350.00   .50
 1181   -340.00   .53
 1182   -330.00   .56
 1183   -320.00   .60
 1184   -310.00   .72
 1185   -300.00   .84
 1186   -290.00  1.04
 1187   -280.00  1.26
 1188   -270.00  1.56
 1189   -260.00  1.98
 1190   -250.00  2.40
 1191   -240.00  3.08
 1192   -230.00  3.28
 1193   -220.00  2.87
 1194   -210.00  1.96
 1195   -200.00  1.37
 1196   -190.00  1.66
 1197   -180.00  1.42
 1198   -170.00  1.03
 1199   -160.00   .70
 1200   -150.00   .50
 1201   -140.00   .39
 1202   -130.00   .60
 1203   -120.00   .70
 1204   -110.00   .70
 1205   -100.00   .63
 1206    -90.00   .55
 1207    -80.00   .47
 1208    -70.00   .38
 1209    -60.00   .40
 1210    -50.00   .73
 1211    -40.00  1.03
 1212    -30.00  1.36
 1213    -20.00  1.97
 1214    -10.00  3.30
 1215       .00  5.18
